tree
version=v4
num_class=1
num_tree_per_iteration=1
label_index=0
max_feature_idx=34
objective=binary sigmoid:1
feature_names=ret_1 log_ret_1 ret_3 log_ret_3 ret_5 log_ret_5 ret_10 log_ret_10 ret_20 log_ret_20 ret_48 log_ret_48 close_z_30 close_z_100 hl_range rsi_7 rsi_14 rsi_21 macd macd_signal macd_hist bb_pct_b bb_width atr_14 atr_pct atr_ratio vol_ratio_20 vol_z_100 price_loc_20 price_loc_50 hour_sin hour_cos dow_sin dow_cos is_weekend
feature_infos=[-0.086687426619200258:0.050147893914599173] [-0.09067709840149514:0.048931005598049658] [-0.089796714842472647:0.05541515925787488] [-0.094087314136138162:0.053934205405202447] [-0.089836840635148185:0.063409887554335187] [-0.09413139953751741:0.061480620102364686] [-0.087523089210886251:0.07852861816712875] [-0.091592497090429839:0.075597721652305064] [-0.097165111044202668:0.092948946736514992] [-0.10221558950877412:0.088879498804782839] [-0.099901656754915913:0.10670057311201964] [-0.10525125135507199:0.1013831321451773] [-5.2088787059231247:5.2590747893566476] [-7.7764857660696478:8.9723176391359605] [0:0.095992498017906172] [3.3257524850398283:97.904205099661993] [12.038499952156229:92.163301002792366] [18.326126054587462:84.006868431276786] [-1295.30388223724:1713.4404322619957] [-1182.3485578991936:1482.0905422569253] [-523.92363639365067:632.06255476653803] [-0.57523790583272116:1.5722774545490477] [0.026171559124089215:14.078474588060741] [1.5932549497956638:1317.2685813555845] [0.0057641594914315643:1.4417122192646579] [0.26757331044309296:4.9378148676747111] [0:16.475681151881908] [-1.9566555448042031:9.8804850670897881] [0:1] [0:1] [-1:1] [-1:1] [-0.97492791218182362:0.97492791218182362] [-0.90096886790241903:1] [0:1]
tree_sizes=3485 3512 3569 3587 3560 3587 3573 3577 3574 3581 3559 3543 3589 3578 3560 3550 3570

Tree=0
num_leaves=31
num_cat=0
split_feature=13 12 6 20 13 13 32 30 8 24 13 13 22 32 30 10 30 30 32 16 23 24 23 22 32 28 22 23 24 22
split_gain=813.564 185.713 110.862 65.4789 65.749 51.8052 50.4567 46.4164 44.8607 41.7283 39.6488 39.4686 52.66 37.6368 34.8145 34.2528 33.6779 33.5086 33.3717 32.6817 32.1051 28.9172 28.4992 48.3735 28.4834 27.8589 26.3219 35.8598 25.2895 26.617
threshold=-0.066052096979161631 1.0203300948964638 -1.0000000180025095e-35 -15.532311142141477 1.0690200665774985 -0.72428134162435953 -0.8783796973249266 -0.89194178735545504 0.012214791111876845 0.098183655436992465 0.72383051399800935 1.3508010183919981 2.4228597412636126 -1.0000000180025095e-35 0.032717136199948427 0.0032899383413387277 -0.37256073532439565 -0.83743052905771542 -0.60785761079279388 64.92906020366614 64.298548986139835 0.11578298272084926 48.477712148387688 0.23918510503893378 -1.0000000180025095e-35 0.19484928311487673 1.5067698986267855 215.63335715769296 0.23364538224984197 0.44295275605045731
decision_type=2 2 2 2 2 2 2 2 2 2 2 2 2 2 2 2 2 2 2 2 2 2 2 2 2 2 2 2 2 2
left_child=2 3 5 26 22 13 15 10 24 -6 -8 14 18 -1 -9 -3 17 -14 19 -13 -16 -11 23 -5 -4 -15 27 -2 29 -23
right_child=1 6 8 4 9 -7 7 11 -10 21 -12 12 16 25 20 -17 -18 -19 -20 -21 -22 28 -24 -25 -26 -27 -28 -29 -30 -31
leaf_value=0.044529606269405497 0.036970894539064408 0.025520295754592741 0.03863590653528174 0.036014563391901941 0.019734933715523734 0.037523779404609423 0.020986294012542719 0.025677304723917271 0.01176455310635267 0.039611113716157421 0.036390041072068967 0.02136842964712779 0.015409760783776087 0.043146018463396205 0.028697841484302496 0.014846362669921984 0.027356366130981691 0.051043504753133226 0.025166834275560032 0.0048359051556801091 0.037313444838207963 0.033416079478432073 0.034957536935024382 0.02850814418569398 0.034469299486575955 0.038601443454308153 0.044104900966216866 0.02693464553903965 0.033992232551725891 0.022987489152197404
leaf_weight=3382.5083772242069 2256.0886006504297 683.04975579679012 2481.5225120037794 1167.6576871871948 526.34569546580315 3129.3325987309217 180.44709977507591 1113.1736598312855 67.48021736741066 214.93698865175247 873.49392481148243 466.11335329711437 26.742160215973854 2053.3980218172073 848.75117844343185 470.11218099296093 206.18955306708813 145.45735743641853 2669.4674137085676 146.95691782236099 713.04096351563931 303.41105142235756 3383.758010879159 2251.5899194926023 3684.9197217226028 3087.8447613865137 369.64163513481617 371.39112225174904 463.86401271820068 871.49451096355915
leaf_count=13534 9027 2733 9929 4672 2106 12521 722 4454 270 860 3495 1865 107 8216 3396 1881 825 582 10681 588 2853 1214 13539 9009 14744 12355 1479 1486 1856 3487
internal_value=0.0344269 0.030382 0.0391149 0.0327638 0.0315057 0.0408431 0.0269903 0.0279105 0.035879 0.0272124 0.0337711 0.0269406 0.0249088 0.0420576 0.029735 0.0211298 0.0354324 0.0452597 0.0236866 0.0173152 0.03265 0.0293584 0.0330129 0.0310801 0.0361513 0.0404237 0.0366081 0.0355386 0.0279929 0.0256521
internal_weight=38610.2 20723.2 17887 12180.2 9183.06 11653.1 8543 7389.83 6233.92 2380.05 1053.94 6335.89 3660.93 8523.75 2674.97 1153.16 378.389 172.2 3282.54 613.07 1561.79 1853.71 6803.01 3419.25 6166.44 5141.24 2997.12 2627.48 1638.77 1174.91
internal_count=154486 82917 71569 48735 36743 46626 34182 29568 24943 9523 4217 25351 14648 34105 10703 4614 1514 689 13134 2453 6249 7417 27220 13681 24673 20571 11992 10513 6557 4701
is_linear=0
shrinkage=1


Tree=1
num_leaves=31
num_cat=0
split_feature=13 12 6 20 13 25 13 24 8 32 13 25 25 15 25 25 32 25 28 6 12 19 24 28 24 25 32 20 24 17
split_gain=765.635 174.787 104.344 64.7615 61.7589 58.2467 48.7541 47.1486 45.9134 44.6197 64.3386 58.2486 41.6706 48.0585 36.8973 36.8055 34.7954 36.7545 32.7276 24.6371 25.7365 24.0261 30.1956 25.8634 23.7384 26.4293 25.0844 23.6853 23.3879 42.3709
threshold=-0.066052096979161631 1.0511726249562232 -1.0000000180025095e-35 -15.532311142141477 1.0690200665774985 1.6454452669581785 -0.72428134162435953 0.095669396553787298 0.012214791111876845 -0.60785761079279388 1.3140787535326581 0.99522178159125019 1.0951226828060816 43.380268990620387 0.66801189417786389 1.3676027949304705 -1.0000000180025095e-35 0.83910937395388008 0.53230427331240049 -0.0043954598372893941 -0.42376344685054462 37.961015768494015 0.25300720121965975 0.64745788895197676 0.13015323863308148 0.91853339867539485 -0.8783796973249266 8.7051313099111933 0.12322597279662824 59.40222060233544
decision_type=2 2 2 2 2 2 2 2 2 2 2 2 2 2 2 2 2 2 2 2 2 2 2 2 2 2 2 2 2 2
left_child=2 3 6 12 -5 8 15 -6 -4 10 24 -11 14 -14 -2 16 17 -1 -17 -8 -21 -12 23 -23 26 -26 -3 -13 29 -9
right_child=1 9 5 4 7 -7 19 28 -10 11 21 27 13 -15 -16 18 -18 -19 -20 20 -22 22 -24 -25 25 -27 -28 -29 -30 -31
leaf_value=0.0069931894965103141 0.013367465052861708 -0.0073239456093654714 0.0026084400536021722 -0.0012465374478188111 -0.014763893382444385 -0.0096877933242393403 0.010475731702699845 -0.0052985054184019617 -0.023892093850983603 -0.0081986468008716906 -0.011498746267889541 -0.0061747347485162302 0.014175138199526234 0.0020787378124418406 -0.0021351261446055708 0.0048715812074688267 0.0067196795153786079 0.013958095105730985 -0.0094410721029488751 0 0.0060098898475728791 -0.0021833086715340897 0 -0.024884998166010211 -0.0040667798292156002 -0.025385843313782866 0.003505688654800527 0 -0.0061707130743748843 0.015879832876195335
leaf_weight=1194.9075663685799 150.44925653934479 407.44058711826801 5790.6010445952415 6906.3582402318716 525.19767609238625 384.87803490459919 368.87014675140381 237.42748971283436 58.247986257076263 3519.5241259038448 809.3942873030901 855.32162216305733 459.83599606156349 846.20503777265549 1551.7388627380133 1429.3738582730293 4064.3329738974571 1676.1689575910568 157.68398690223694 1752.1331970691681 1008.1451029777527 53.994495615363121 63.740219667553902 427.45919424295425 125.47856545448303 94.732470721006393 359.17304080724716 1591.6243433505297 1608.6717855632305 130.46065430343151
leaf_count=4782 602 1630 23170 27633 2101 1540 1476 950 233 14081 3238 3422 1840 3386 6209 5720 16264 6708 631 7011 4034 216 255 1710 502 379 1437 6368 6436 522
internal_value=0.000178152 -0.00374555 0.00472628 -0.00148863 -0.00271519 0.00158679 0.00640309 -0.00675546 0.00233536 -0.00711437 -0.0106394 -0.00572446 0.00233705 0.00636822 -0.000740259 0.00758155 0.00852761 0.0110733 0.00342559 0.00318248 0.00219354 -0.0148929 -0.0198466 -0.022411 -0.00476132 -0.0134469 -0.00221302 -0.00215161 -0.00460596 0.00215313
internal_weight=38609.6 20724.2 17885.3 12416.3 9408.12 6233.73 11651.6 2501.76 5848.85 8307.88 2341.41 5966.47 3008.23 1306.04 1702.19 8522.47 6935.41 2871.08 1587.06 3129.15 2760.28 1354.59 545.194 481.454 986.825 220.211 766.614 2446.95 1976.56 367.888
internal_count=154486 82917 71569 49679 37642 24943 46626 10009 23403 33238 9367 23871 12037 5226 6811 34105 27754 11490 6351 12521 11045 5419 2181 1926 3948 881 3067 9790 7908 1472
is_linear=0
shrinkage=0.03


Tree=2
num_leaves=31
num_cat=0
split_feature=13 12 6 21 31 31 25 32 31 13 31 32 30 25 25 25 13 23 28 23 20 25 24 30 10 15 29 16 25 32
split_gain=720.523 164.495 98.4816 59.3155 51.61 50.5692 46.4131 45.27 54.1805 43.4418 44.6385 57.1926 42.8636 41.5497 41.3904 40.5547 38.835 43.871 37.4213 33.443 33.4244 40.9161 31.3729 41.3378 31.3329 30.6605 29.3104 27.7466 27.3504 27.0508
threshold=-0.066052096979161631 1.0203300948964638 0.00023202489579576826 0.23683931573456113 0.43245347597985034 0.087155742747658027 1.4616468647465835 -0.8783796973249266 0.44228869021900119 -0.83437692015548548 0.48098876891938797 -1.0000000180025095e-35 -0.46174861323503386 1.0912236823382202 1.376754158194063 1.8021243020462299 0.63615095755824946 46.482200335776461 0.22303438252077848 63.023447317929595 18.071199862124502 0.72464228152273613 0.10576741720496939 -0.57357643635104605 0.0032899383413387277 28.553831046844653 0.71452087101405237 40.37980489613944 1.9875237012709517 -0.60785761079279388
decision_type=2 2 2 2 2 2 2 2 2 2 2 2 2 2 2 2 2 2 2 2 2 2 2 2 2 2 2 2 2 2
left_child=2 3 9 13 16 15 -6 24 19 10 11 25 -12 26 27 -4 -5 -18 -13 22 21 -7 -9 -24 -3 -1 -2 -14 -10 -21
right_child=1 7 5 4 6 20 -8 8 28 -11 12 18 14 -15 -16 -17 17 -19 -20 29 -22 -23 23 -25 -26 -27 -28 -29 -30 -31
leaf_value=0.0015943040181360419 -0.00033463127025802939 -0.0081756113017542858 -0.00075436262597006047 0.0023912810721642536 -0.0061015493949879282 -0.0010349552265875609 0.0070316429484600165 -0.0034490930608966556 -0.0099997589663367425 0.0035318929473926895 0.017230210262722926 0.0068594223561502911 0.015315739941103603 0.0097800844860563355 -0.0026964219747117038 -0.017503562291466802 -0.0073811952762307302 -0.00042402319072711633 0.00065850504001174737 -0.011316563987468775 -0.00017916497397055185 0.0093407101734820953 -0.0031531559823378278 -0.01556560562615396 -0.018386438645864436 0.011239642516667816 0.01791034575420997 0.0069514982098227351 0.014842623512281874 -0.00095023359352791625
leaf_weight=362.73199197649956 1614.7945354878902 683.20215493440628 2642.2857581228018 2280.3852309137583 3473.8792149275541 456.82629054784775 257.4216076284647 1147.1240571588278 2427.7114060968161 4080.4323028028011 670.58133320510387 1621.0334751009941 587.86663903295994 593.4770218282938 260.37071664631367 136.2263950407505 1173.544193893671 2704.7800282239914 1930.5668152421713 249.46772833168507 1014.6527252793312 1301.768108099699 405.43214513361454 624.68413427472115 470.24110777676105 1844.4048480540514 82.224416851997375 973.63588167726994 38.742005467414856 2497.7911167889833
leaf_count=1452 6461 2733 10573 9124 13899 1828 1030 4589 9712 16329 2684 6488 2353 2375 1042 545 4695 10822 7726 998 4060 5209 1622 2499 1881 7383 329 3897 155 9993
internal_value=0.000172649 -0.00363347 0.00458516 -0.00139166 -0.00240081 0.0012601 -0.00518581 -0.00682525 -0.00595326 0.00607947 0.00733509 0.00587002 0.0107044 0.00295175 0.00827778 -0.00159235 -0.000708056 -0.00253829 0.00349833 -0.00412335 0.00412832 0.00662934 -0.00690497 -0.0107172 -0.0123767 0.0096695 0.000541739 0.0101274 -0.00959153 -0.00190625
internal_weight=38608.3 20724.9 17883.4 12180.5 9890.01 5551.76 3731.3 8544.4 7390.95 12331.6 8251.19 5758.74 2492.45 2290.5 1821.87 2778.51 6158.71 3878.32 3551.6 4924.5 2773.25 1758.59 2177.24 1030.12 1153.44 2207.14 1697.02 1561.5 2466.45 2747.26
internal_count=154486 82917 71569 48735 39570 22215 14929 34182 29568 49354 33025 23049 9976 9165 7292 11118 24641 15517 14214 19701 11097 7037 8710 4121 4614 8835 6790 6250 9867 10991
is_linear=0
shrinkage=0.03


Tree=3
num_leaves=31
num_cat=0
split_feature=13 12 7 20 13 27 13 24 32 22 13 32 32 32 19 10 24 23 22 20 22 24 23 28 7 23 18 24 13 20
split_gain=678.078 155.05 92.801 58.8867 57.0646 49.8487 43.6498 43.5441 39.8559 36.8516 35.5542 31.3234 31.2626 29.2657 34.1545 28.3613 26.6696 26.5531 48.0291 24.9809 24.9214 30.0686 25.3031 24.8104 24.6214 26.9954 23.9531 23.5339 23.2721 30.9689
threshold=-0.066052096979161631 1.0511726249562232 -1.0000000180025095e-35 -15.532311142141477 1.0690200665774985 -0.35694646679031622 -0.72428134162435953 0.09730249227751557 -0.8783796973249266 2.4228597412636126 1.3508010183919981 -1.0000000180025095e-35 -1.0000000180025095e-35 -0.60785761079279388 31.323412076881457 0.0032899383413387277 0.25300720121965975 48.477712148387688 0.23918510503893378 67.795945702050602 0.44295275605045731 0.23364538224984197 63.659034513931033 0.16162642674082531 -0.011274293489352008 215.63335715769296 -94.313973948781481 0.33742367639875154 0.30904472483673406 -11.028166922775396
decision_type=2 2 2 2 2 2 2 2 2 2 2 2 2 2 2 2 2 2 2 2 2 2 2 2 2 2 2 2 2 2
left_child=2 3 6 24 17 -4 11 -6 15 10 -10 -1 -7 14 -12 -3 -16 18 -5 -14 -9 -22 -23 -13 -2 -26 -8 -27 -20 -30
right_child=1 8 5 4 7 12 26 20 9 -11 13 23 19 -15 16 -17 -18 -19 28 -21 21 22 -24 -25 25 27 -28 -29 29 -31
leaf_value=0.0094030009755724925 0.022876190207038113 -0.0079185944727229365 0.0038155061178622904 0.0018843071469223723 -0.013978707284396813 0.0024768599498875567 0.013930597918144808 0.0017068453309412991 -0.0039237247021591971 0.0019570400855773219 -0.0073536426663584863 0.0086470528476718621 -0.0030945770962291087 -0.0070745562497650724 -0.023212302915661533 -0.017783938146293917 0.0054365522545159828 0.00070135596352472092 -0.001369616303448938 -0.01722138002492106 -0.0091792976230055286 0.021798525943020872 -0.002229981648871413 0.0041750955476501771 0.0032132409594602456 -0.010781822549801789 0.002337573244742824 0.0018659842731690616 0.010386548517730907 -0.0088052932507107391
leaf_weight=3380.0008027106524 50.460444912314415 662.4864594489336 3558.2253968566656 1178.9298375099897 543.99644362926483 1031.0510607212782 170.15435439348221 460.90109388530254 2888.4714639335871 497.8696311712265 368.99042621254921 1690.8576402813196 1521.7334973961115 3085.2383420467377 318.22320456802845 457.45460809767246 29.997821509838104 3444.3397836834192 796.85255637764931 122.22098429501057 1008.1527410894632 42.242877095937729 446.66994546353817 3448.3662832677364 2435.6937562674284 255.68400931358337 2958.554063141346 266.14825753867626 77.733122646808624 1408.7894283533096
leaf_count=13534 202 2650 14239 4717 2176 4126 681 1844 11555 1992 1476 6769 6089 12342 1273 1830 120 13781 3188 489 4033 169 1787 13802 9747 1023 11840 1065 311 5636
internal_value=0.000167409 -0.0035247 0.00444841 -0.00139881 -0.00256841 0.00148731 0.00603017 -0.00645192 -0.00669746 -0.00586764 -0.00645456 0.00714565 -0.00159865 -0.00836765 -0.0138708 -0.0119873 -0.0206499 -0.00115652 -0.00301309 -0.00417291 -0.00433932 -0.00622067 -5.23864e-05 0.00565365 0.00224922 0.00187954 0.00298189 -0.0042825 -0.00555452 -0.00777524
internal_weight=38606.5 20725.3 17881.2 12416.6 9408.61 6233.23 11647.9 2501.96 8308.73 7188.79 6690.92 8519.22 2675.01 3802.45 717.211 1119.94 348.221 6906.64 3462.3 1643.95 1957.97 1497.07 488.913 5139.22 3007.99 2957.53 3128.71 521.832 2283.38 1486.52
internal_count=154486 82917 71569 49679 37642 24943 46626 10009 33238 28758 26766 34105 10704 15211 2869 4480 1393 27633 13852 6578 7833 5989 1956 20571 12037 11835 12521 2088 9135 5947
is_linear=0
shrinkage=0.03


Tree=4
num_leaves=31
num_cat=0
split_feature=13 12 6 20 31 13 31 31 24 13 31 30 25 23 25 25 15 25 8 28 31 24 28 25 6 16 23 24 25 13
split_gain=638.114 145.924 87.6128 55.4184 58.5615 47.2823 46.8651 43.6956 42.849 38.673 41.9389 40.414 38.863 38.5057 37.8533 37.8352 44.0316 34.4566 34.1707 29.2676 28.2098 27.2118 26.6047 32.9045 27.0949 26.1157 25.254 28.4623 25.1458 26.1808
threshold=-0.066052096979161631 1.0511726249562232 0.00023202489579576826 -15.532311142141477 0.95032354012166631 1.0690200665774985 0.087155742747658027 0.44228869021900119 0.098183655436992465 -0.83437692015548548 0.48098876891938797 -0.46174861323503386 1.376754158194063 63.023447317929595 1.8021243020462299 1.0951226828060816 43.380268990620387 0.66801189417786389 0.0089958465571474706 0.69792806102276939 -0.46174861323503363 0.11578298272084926 0.21898341006946101 1.5269282395031512 -0.0024445381778966375 40.37980489613944 66.869592726663527 0.090690109548398692 1.9875237012709517 1.1958298693254323
decision_type=2 2 2 2 2 2 2 2 2 2 2 2 2 2 2 2 2 2 2 2 2 2 2 2 2 2 2 2 2 2
left_child=2 3 9 15 5 26 14 13 -7 10 22 -12 25 -3 -4 17 -17 -2 -8 -6 -19 -10 -1 -24 -25 -13 27 -5 29 -9
right_child=1 7 6 4 19 8 18 28 21 -11 11 12 -14 -15 -16 16 -18 20 -20 -21 -22 -23 23 24 -26 -27 -28 -29 -30 -31
leaf_value=0.0077599619310581508 0.012885503192494411 -0.0075647304817261889 -0.00075635531294059727 0.0010856528069515064 -0.011811430726885012 -0.013006808547058336 0.0045781359007065108 -0.0063477953946737631 0.0067605085404842061 0.0033210791313796791 0.016516542879001391 0.014649445660308425 -0.0028118083940628703 -0.0025422488034273858 -0.016938119692477611 0.013500080621514176 0.0019175949068017768 0.0042692612545898647 -0.013574498250568716 0.0017634491485008883 -0.0046623371175775778 -0.0045148522904484107 0.0048644178119963888 0.002870658029863847 -0.011921470464320299 0.0065321938704769435 0.0023274755397494121 -0.0039974616590196695 0.01325583750472833 -0.012427599491332993
leaf_weight=2584.8434536606073 150.392254114151 2658.3364204764366 2642.26342228055 1789.3380416333675 809.86531691253185 512.22116324305534 2677.874241605401 1108.9630263149738 216.67821756005287 4079.7543865591288 670.07479481399059 587.45029038190842 260.34588515758514 2896.0981072038412 136.24658904969692 459.56753727793694 846.09891138970852 442.09326662123203 94.977728500962257 168.72591683268547 1109.6568586677313 1573.0978470742702 2729.5326655507088 237.57495467364788 204.6144290715456 973.23825776576996 2137.3994386345148 2201.343176394701 40.732973173260689 1604.6272572129965
leaf_count=10351 602 10634 10573 7159 3240 2049 10717 4436 867 16329 2684 2353 1042 11586 545 1840 3386 1769 380 675 4440 6293 10928 951 819 3897 8552 8807 163 6419
internal_value=0.000162439 -0.00341907 0.00431579 -0.0013566 -0.00249124 -0.00167993 0.00117922 -0.00649706 -0.00534546 0.00572563 0.00691087 0.0101775 0.00782067 -0.00495232 -0.00156644 0.00218235 0.00602456 -0.000749092 0.00394087 -0.00944085 -0.0020973 -0.00313004 0.00549054 0.00362972 -0.00391787 0.0096142 -0.000297438 -0.00171108 -0.0095984 -0.00995727
internal_weight=38604 20725.2 17878.8 12416.5 9408.67 8430.08 5551.36 8308.76 2302 12327.4 8247.67 2491.11 1821.03 5554.43 2778.51 3007.81 1305.67 1702.14 2772.85 978.591 1551.75 1789.78 5756.57 3171.72 442.189 1560.69 6128.08 3990.68 2754.32 2713.59
internal_count=154486 82917 71569 49679 37642 33727 22215 33238 9209 49354 33025 9976 7292 22220 11118 12037 5226 6811 11097 3915 6209 7160 23049 12698 1770 6250 24518 15966 11018 10855
is_linear=0
shrinkage=0.03


Tree=5
num_leaves=31
num_cat=0
split_feature=13 13 32 13 23 30 32 17 6 30 22 30 29 27 24 13 4 26 27 8 13 29 17 19 22 30 30 23 29 29
split_gain=587.862 117.579 87.9146 86.7287 80.0315 65.1918 58.7925 47.7908 44.513 41.0752 55.699 40.6439 40.1473 42.2435 40.1327 52.4667 35.9176 30.9755 30.7963 33.0516 28.396 27.1094 25.1326 29.8592 25.0974 24.9429 24.5077 22.2238 22.1845 21.9226
threshold=-0.066052096979161631 1.408005697102541 -0.60785761079279388 -0.91518490105994099 52.563149847630761 -0.92794370089704248 -1.0000000180025095e-35 58.901497263974981 -0.0043954598372893941 0.13052619222005182 1.2498967626213784 -0.32143946530316164 0.16363082369793122 -0.3245273878163501 0.10576741720496939 1.0241857268742727 -0.0011915377081602727 0.52315607564579913 -0.38912354445590908 0.0089958465571474706 2.3763496840403904 0.60269739223031016 65.305076746045728 133.96959987095755 2.1510218066536884 -0.41268247579971812 -0.81279832427823717 8.007829332318062 0.79507367272427143 0.25727728260524868
decision_type=2 2 2 2 2 2 2 2 2 2 2 2 2 2 2 2 2 2 2 2 2 2 2 2 2 2 2 2 2 2
left_child=3 4 11 6 14 -4 -1 9 -5 10 -6 -3 -8 -14 15 -2 -16 -15 27 -20 -13 -12 23 -9 28 26 -26 -10 -7 -11
right_child=1 2 5 8 7 24 12 22 18 29 21 20 13 17 16 -17 -18 -19 19 -21 -22 -23 -24 -25 25 -27 -28 -29 -30 -31
leaf_value=0.0086430292263154837 -0.001034317439393812 -0.0079934687857669915 0.0039550490161451611 0.010273711397106438 -0.0044679827165832811 -0.0036961412457178541 0.0074420455502715475 0.0073622603844650109 -0.014979770410471662 0.010924741044063626 0.011625263994257956 -0.014280282154935158 0.0059333952471760524 -0.010215298894112925 -0.00034851184578511612 -0.009900631794367034 -0.009712697337564833 0.0008211578215803569 -0.00087231251093420009 -0.022560558643470521 -0.027410596568295517 -0.00082340665131125975 0.021489590419880151 -0.005495609673890429 -0.0059416159980501928 -0.006402235272309837 0.013103936520281191 0.0028023078440244991 -0.0089053572419464117 0.00084528333936060164
leaf_weight=3773.3505829274654 3025.4982131123543 840.53858880698681 645.63921149075031 488.52135442197323 3541.1015006005764 1111.1110666394234 1905.3405109643936 710.64801718294621 62.704740032553673 207.91387696564198 304.81135059893131 687.57425566017628 1605.4298355579376 254.14822183549404 468.41813696920872 751.90404263138771 1856.1037857830524 2207.3287078887224 3100.7031072080135 63.734851330518723 200.663200289011 315.69433179497719 85.442718610167503 207.16878488659859 90.978389874100685 288.45705731213093 170.42911483347416 4385.8846029639244 2337.6153265833855 2954.7441955804825
leaf_count=15115 12104 3363 2583 1956 14168 4445 7631 2844 251 832 1220 2751 6427 1017 1874 3008 7425 8836 12410 255 803 1263 342 829 364 1154 682 17555 9351 11822
internal_value=-0.000195962 -0.00362361 -0.00701914 0.00379757 -0.00212146 -0.00485714 0.00570532 -0.000205074 0.00149857 -0.00104992 -0.00301054 -0.0128037 0.00384307 0.00214817 -0.00473145 -0.00280928 -0.00783957 -0.000309862 0.000930258 -0.0013256 -0.0173078 0.00525236 0.00592769 0.00442452 -0.00628814 -0.000278247 0.00636375 0.00254161 -0.00723731 0.00152064
internal_weight=38649.6 20802.5 6373.01 17847.1 14429.4 4644.23 9745.6 8327.52 8101.55 7324.27 4161.61 1728.78 5972.25 4066.91 6101.92 3777.4 2324.52 2461.48 7613.03 3164.44 888.237 620.506 1003.26 917.817 3998.59 549.865 261.408 4448.59 3448.73 3162.66
internal_count=154680 83227 25496 71453 57731 18579 39026 33320 32427 29305 16651 6917 23911 16280 24411 15112 9299 9853 30471 12665 3554 2483 4015 3673 15996 2200 1046 17806 13796 12654
is_linear=0
shrinkage=0.03


Tree=6
num_leaves=31
num_cat=0
split_feature=13 13 25 32 28 25 25 31 23 21 20 24 31 6 21 30 30 30 13 29 17 25 13 32 31 32 24 23 24 20
split_gain=553.218 110.675 94.999 82.7782 81.8305 66.8756 64.7097 62.95 64.0831 56.1036 48.9874 46.1505 43.558 41.2241 39.632 38.2831 38.2643 37.3257 36.3047 38.5031 36.1783 34.1072 33.0963 39.9879 41.7168 38.6583 32.1411 29.7364 28.8268 28.2173
threshold=-0.066052096979161631 1.408005697102541 1.0951226828060816 -0.60785761079279388 0.21898341006946101 1.0550258190065096 1.7408719731804283 0.8604686372286926 61.316117697816175 0.81193280523978806 -23.029333451070432 0.11190961147962515 0.36243803828370164 -0.0024445381778966375 0.27324486164509421 0.021814885034561173 -0.32143946530316164 -0.74455857214455057 0.73797625967056313 0.73785694979894123 45.568208518716382 0.73817381942486027 -0.86540786880107989 -1.0000000180025095e-35 0.49049438445969418 1.0000000180025095e-35 0.10320993935896995 13.468566719235985 0.228420216567363 8.2431860658240002
decision_type=2 2 2 2 2 2 2 2 2 2 2 2 2 2 2 2 2 2 2 2 2 2 2 2 2 2 2 2 2 2
left_child=4 2 7 16 20 12 9 8 11 22 17 18 -5 -8 -13 -10 -3 -4 -2 -20 27 -16 23 -6 -25 -26 -17 -1 -23 -18
right_child=1 3 10 5 6 -7 13 -9 15 -11 -12 14 -14 -15 21 26 29 -19 19 -21 -22 28 -24 24 25 -27 -28 -29 -30 -31
leaf_value=0.025274725755795653 8.8942471707961391e-05 -0.0077545706749526854 0.0016323415013929029 -0.0050975026909676393 0.0082348229513478245 -0.0014225387579031158 0.0038908324935047101 -0.007624677206316933 -0.0027306349647234665 -0.0029269164257613492 0.00069573636466996531 0.0018136080265584839 -0.013971893884296257 -0.012899481807143494 -0.018368605092884724 -0.0083661171065533904 -0.012615758398068815 0.016453760115610817 -0.010760802983116215 -0.00010113409458504956 0.0046386473625322656 -0.0086052322323830043 0.0017854846221199419 0.001017460474172968 -0.00062234518313311095 0.011847529066398733 0.0040703488281645332 0.008973659520108139 0.022063816017936704 -0.024007097075909877
leaf_weight=107.55550652742386 1966.6371629983187 840.47215202450752 273.96507093310356 1260.1775049418211 2277.2378590106964 2541.8279561549425 193.57301081717014 2396.7023600935936 1831.643607750535 1331.0790536254644 2329.6457533091307 262.70844595134258 842.16634273529053 392.87923999130726 387.97335948050022 201.94353421032429 566.51964217424393 360.30299326777458 748.37646301090717 523.93514439463615 2825.3215464055538 903.68877799808979 5009.6254256367683 2524.2882355153561 313.16627721488476 744.62164831161499 2214.8321851044893 2125.3139157295227 26.996335625648499 321.46937829256058
leaf_count=431 7868 3363 1097 5041 9124 10169 775 9588 7328 5327 9321 1051 3369 1572 1552 808 2267 1443 2994 2096 11316 3615 20052 10104 1254 2982 8862 8516 108 1287
internal_value=-0.000190222 -0.0035153 -0.00205785 -0.00680981 0.00368421 -0.00471172 0.00240253 -0.00329663 -0.00214878 0.00287239 0.00272357 -0.0045166 -0.00867166 -0.00730917 -0.00872363 0.00053115 -0.0124238 0.0101117 -0.00245127 -0.00639826 0.00691708 -0.0108454 0.00358557 0.00511893 0.00312794 0.00813029 0.00301573 0.00978326 -0.00766069 -0.0167958
internal_weight=38646.6 20802 14429.4 6372.63 17844.7 4644.17 12786.5 11465.4 9068.74 12200 2963.91 4820.32 2102.34 586.452 1581.37 4248.42 1728.46 634.268 3238.95 1272.31 5058.19 1318.66 10868.9 5859.31 3582.08 1057.79 2416.78 2232.87 930.685 887.989
internal_count=154680 83227 57731 25496 71453 18579 51190 45870 36282 48843 11861 19284 8410 2347 6326 16998 6917 2540 12958 5090 20263 5275 43516 23464 14340 4236 9670 8947 3723 3554
is_linear=0
shrinkage=0.03


Tree=7
num_leaves=31
num_cat=0
split_feature=13 12 13 24 31 28 31 34 27 6 13 20 30 18 10 21 13 23 27 23 18 30 8 17 17 13 6 31 23 10
split_gain=520.668 133.047 77.4807 53.9837 61.203 52.2969 45.6745 44.9849 42.2993 41.3153 37.167 36.078 35.6905 34.7685 34.4673 26.3384 29.0531 27.9529 26.3222 26.2579 25.8761 25.6082 24.3485 23.4606 22.2221 22.1354 22.5964 21.9578 21.8918 23.324
threshold=-0.066052096979161631 1.0357036487024411 -0.91518490105994099 0.2664883542202986 0.13052619222005152 0.21898341006946101 0.40274668985873718 1.0000000180025095e-35 -0.3245273878163501 -0.0043954598372893941 0.41556436161803106 28.583017379651412 -0.32143946530316164 128.92224084932971 0.0080125531868288098 0.29733722364802889 0.63615095755824946 23.240206613923416 -0.38912354445590908 94.919635087540939 1.0000000180025095e-35 0.032717136199948427 -0.0052122106299014028 65.950731414614708 36.182743916719261 0.89566477224653862 0.010645277770179653 0.49049438445969418 17.830598237459228 -0.0034673660601114427
decision_type=2 2 2 2 2 2 2 2 2 2 2 2 2 2 2 2 2 2 2 2 2 2 2 2 2 2 2 2 2 2
left_child=2 3 5 4 15 28 7 12 19 -4 -6 -10 -3 18 -9 -2 20 -18 -11 24 -17 -14 -5 -24 -7 -8 -27 -26 -1 -30
right_child=1 6 9 22 10 8 25 14 11 13 -12 -13 21 -15 -16 16 17 -19 -20 -21 -22 -23 23 -25 27 26 -28 -29 29 -31
leaf_value=0.016294848821671971 0.0036381788753544393 0.00035258447038853631 0.0098575225763369266 0.011366170351124662 -0.00086278952364345475 -0.0074715615616801198 -0.0052343519247819758 -0.0071440144150856557 0.0026144079439017671 0.0025086062362775444 -0.0063800805919382924 -0.007309605262817708 -0.011986192950972269 -0.02527354867864566 -0.020008751180438374 -0.0022080456043043432 -0.010674364118765158 -0.0018496077321054421 -0.0010763407064751766 0.0027383952607073934 0.0056015910285481712 -0.0038387656791897674 0.00021345022690142274 0.010496428460460781 0.0069623160615512394 -0.012098584730623013 -0.0015957312081768349 0.014551167683106957 0.0090068484233748608 0.0030213698514347195
leaf_weight=288.54712279140949 1328.5737279802561 1667.80906483531 488.28280554711819 286.47836171090603 1632.9075452238321 67.428923040628433 865.19461072981358 1355.7459168434143 3261.4487186521292 4422.3197626173496 3447.7407553046942 364.57556827366352 433.97924797236919 44.478569090366364 221.52674086391926 695.29838185012341 381.89345778524876 2176.0081494599581 3145.6077360212803 977.04756051301956 835.0308485776186 1858.3514413833618 1307.2142916470766 236.1224067658186 956.50541946291924 1858.7954342365265 212.43301908671856 563.1906683743 2470.8487550914288 791.65217384696007
leaf_count=1157 5317 6672 1956 1147 6533 270 3461 5425 13062 17703 13794 1459 1736 178 887 2782 1528 8706 12590 3913 3341 7434 5231 945 3831 7438 850 2257 9904 3173
internal_value=-0.000184544 -0.00341031 0.00357453 -0.00141773 -0.00224832 0.00537831 -0.00630496 -0.00468872 0.00370369 0.00140134 -0.00461326 0.00160659 -0.00296959 0.000853776 -0.0089814 -2.41581e-05 -0.00122226 -0.00318252 0.00101461 0.00665573 0.0020346 -0.00539885 0.0033295 0.0018119 0.00904514 -0.00933997 -0.0110371 0.00980215 0.00828722 0.00756502
internal_weight=38643 20801.1 17841.9 12327.3 10497.5 9741.24 8473.84 5537.41 6190.2 8100.69 5080.65 3626.02 3960.14 7612.41 1577.27 5416.8 4088.23 2557.9 7567.93 2564.17 1530.33 2292.33 1829.82 1543.34 1587.13 2936.42 2071.23 1519.7 3551.05 3262.5
internal_count=154680 83227 71453 49324 42001 39026 33903 22154 24792 32427 20327 14521 15842 30471 6312 21674 16357 10234 30293 10271 6123 9170 7323 6176 6358 11749 8288 6088 14234 13077
is_linear=0
shrinkage=0.03


Tree=8
num_leaves=31
num_cat=0
split_feature=13 12 13 32 31 29 31 17 31 32 24 6 13 22 30 18 17 32 24 29 6 13 15 31 30 18 23 17 31 28
split_gain=490.026 125.243 72.9555 52.6165 54.1357 58.1529 52.0159 44.1881 42.9826 42.3486 42.0726 38.8989 38.4552 34.7225 33.5951 32.76 32.0028 30.0593 29.428 28.5511 35.4896 29.3601 27.4836 26.1372 29.4111 25.676 39.588 25.2915 25.1763 24.3237
threshold=-0.066052096979161631 1.0357036487024411 -0.91518490105994099 -1.0000000180025095e-35 -0.248252468714347 0.16363082369793122 0.92794370089704281 40.738050920382399 0.40274668985873718 -0.60785761079279388 0.2664883542202986 -0.0043954598372893941 1.1295132923108462 0.43029991210903956 -0.32143946530316164 128.92224084932971 58.901497263974981 -0.60785761079279388 0.076659987913183555 0.43498898551387438 -0.0038298684048759242 0.35607315829896136 32.256843899032241 0.8253108282957683 0.37256073532439576 -291.57390715963624 287.1058639127246 44.235290011126033 0.97854064376158201 0.48257043072886485
decision_type=2 2 2 2 2 2 2 2 2 2 2 2 2 2 2 2 2 2 2 2 2 2 2 2 2 2 2 2 2 2
left_child=2 6 3 -1 5 -5 10 -7 9 13 12 -4 16 -3 -11 27 -2 29 -19 20 -8 -21 -9 -12 -25 -6 -27 -13 -22 -14
right_child=1 8 11 4 25 7 19 22 -10 14 23 15 17 -15 -16 -17 -18 18 -20 21 28 -23 -24 24 -26 26 -28 -29 -30 -31
leaf_value=0.0079994429357691712 -0.00080507962307679154 -0.0043334469738398928 0.0095662708853153661 0.0066330387687303441 0.016808474057037417 -0.0091954545575497516 0.011018908387915876 -0.0098714419643187862 -0.0090618927831522932 0.00034201436008648236 0.0026249627025087059 -0.0030280294815529622 -0.0024142715645642291 -0.013319778726291026 -0.0052375810368943372 -0.024533711738836922 0.0083040619974512932 -0.024316119350503596 -0.0015787976862513 0.005390582247443136 -0.0073627014253426996 -0.0063820851972254357 0.0024196930311621992 0.027490172730243147 -5.8662138365103617e-05 0.0062320888409861984 -0.0099440516442142867 0.0017347846396336393 -0.023793620547645281 -0.014203879515864267
leaf_weight=3769.738636508584 6560.2636284530163 812.47795896232128 488.08778846263885 917.57958188652992 193.17981328070164 611.38256268203259 45.462149605154991 191.03286434710026 2936.0040538012981 1667.8054159730673 1489.8273663371801 1186.003632068634 253.1363555341959 764.51181231439114 2292.2910382300615 44.475435301661491 365.24853539466858 52.465545788407326 1416.1791671812534 233.97742149233818 159.23497086763382 965.29788872599602 1099.4946004748344 82.952262237668037 55.969716250896454 2815.6583308428526 140.82438881695271 6381.6911373436451 197.22812578082085 449.84196715056896
leaf_count=15115 26248 3251 1956 3678 774 2447 182 765 11749 6672 5963 4747 1013 3061 9170 178 1462 210 5666 936 637 3862 4402 332 224 11281 564 25546 789 1800
internal_value=-0.000179038 -0.00330844 0.0034681 0.00521875 0.00345657 0.000425123 -0.00137512 -0.00255604 -0.00611711 -0.00454889 -0.000618807 0.00135922 -0.00141631 -0.00871464 -0.00288065 0.000827859 -0.000319207 -0.0048995 -0.00242747 -0.00641911 -0.0133632 -0.00405768 0.000570811 0.00381524 0.0162556 0.00615973 0.00544833 0.000984095 -0.0165788 -0.0100106
internal_weight=38639.3 20800.2 17839.1 9738.89 5969.15 2819.49 12327.1 1901.91 8473.09 5537.09 10725.9 8100.26 9097.14 1576.99 3960.1 7612.17 6925.51 2171.62 1468.64 1601.2 401.925 1199.28 1290.53 1628.75 138.922 3149.66 2956.48 7567.69 356.463 702.978
internal_count=154680 83227 71453 39026 23911 11292 49324 7614 33903 22154 42918 32427 36399 6312 15842 30471 27710 8689 5876 6406 1608 4798 5167 6519 556 12619 11845 30293 1426 2813
is_linear=0
shrinkage=0.03


Tree=9
num_leaves=31
num_cat=0
split_feature=13 13 25 31 13 25 6 32 25 6 23 32 31 30 30 28 17 30 30 29 18 32 9 24 18 27 24 30 25 22
split_gain=461.275 102.418 83.5021 80.3513 74.0348 71.3771 68.4733 64.5238 63.6384 53.5097 50.6073 49.3946 47.2504 46.1034 45.5466 42.9157 40.7752 37.8743 34.8484 34.1646 33.0847 32.5485 32.5236 32.1645 31.878 27.6138 35.1069 26.6165 29.5645 27.3614
threshold=0.27786312112658945 -0.85012211785876113 1.7408719731804283 0.95688340256707793 1.4670245790032468 1.112594451745536 -0.0024445381778966375 -0.60785761079279388 1.3157836709108255 -0.0043954598372893941 54.748965181090718 -1.0000000180025095e-35 0.44228869021900119 -0.92794370089704248 -0.46174861323503386 0.22681368630724305 52.506988070407004 0.098011308799811389 -0.32143946530316164 0.18041260289098457 94.593021558179331 1.0000000180025095e-35 -0.007260105350534219 0.10576741720496939 48.164253373215622 -0.2305925232746793 0.1915673470143158 -0.92794370089704248 0.96325976371488264 1.5662591333504967
decision_type=2 2 2 2 2 2 2 2 2 2 2 2 2 2 2 2 2 2 2 2 2 2 2 2 2 2 2 2 2 2
left_child=1 2 11 4 5 10 -4 18 -5 -3 15 -1 19 -9 -14 -2 23 27 -6 -13 25 -16 -7 -17 -19 26 -11 28 -12 -29
right_child=3 9 6 8 7 22 -8 13 -10 20 17 12 14 -15 21 16 -18 24 -20 -21 -22 -23 -24 -25 -26 -27 -28 29 -30 -31
leaf_value=0.0083534839382289165 0.0036395027435181908 0.0093389985472529056 0.0044894472710419906 -0.012036898949507666 -0.0069026235296068819 0.02100436079718445 -0.014087405411488507 0.0037193997283940438 0.0070430584512254958 0.00028342513890727193 0.010413914933654183 0.0058683740983246835 0.015460472390575832 -0.0052885836602797852 -0.0021192018024921541 0.00035390035601616954 -0.0095076148086391185 -0.00061086824345872549 -0.016259258665229346 7.5699971245449132e-05 -0.013268437234821615 0.0081023647865221086 0.0023064815925396705 -0.0090407385922802765 0.0067695347495164886 -0.0019569603313204162 0.0052845117136196568 -0.0064620970312824549 -0.0046649886717581119 0.013992378631473953
leaf_weight=3796.6609159111977 408.41974359750748 615.54527842998505 347.3509367108345 1492.9173665195704 785.53441323339939 86.58296412229538 362.07932728528976 596.8666520267725 173.12799954414368 5252.2167554348707 222.20927219092846 1418.5833005160093 522.3880058079958 3406.6999211758375 402.08909541368484 965.1000834852457 1901.2633907049894 1575.4832812547684 688.59599488973618 2615.3677299916744 159.66739818453789 892.58578802645206 2226.5956083089113 491.4141498208046 785.56432475149632 2981.5698002874851 1668.6517644673586 1492.4327396303415 242.19122886657715 59.476514890789986
leaf_count=15229 1634 2467 1392 5974 3145 347 1449 2388 693 21022 889 5687 2095 13630 1611 3861 7607 6304 2759 10471 639 3578 8911 1966 3143 11932 6679 5971 969 238
internal_value=-0.00017382 0.0028238 0.00494967 -0.00375801 -0.00309943 -0.00161518 -0.00495607 -0.00592653 -0.0100332 0.000758666 -0.00293799 0.00568163 0.00394163 -0.00393755 0.00796329 -0.00548837 -0.00660832 -0.000736086 -0.0113017 0.00212114 0.00022991 0.0049055 0.00302809 -0.00279921 0.00183385 0.000451905 0.00149413 -0.00375971 0.00249247 -0.00565036
internal_weight=38635.2 21034.8 10357.1 17600.5 15934.4 10456.7 709.43 5477.7 1666.05 10677.7 8143.55 9647.67 5851.01 4003.57 1817.06 3766.2 3357.78 4377.36 1474.13 4033.95 10062.1 1294.67 2313.18 1456.51 2361.05 9902.44 6920.87 2016.31 464.401 1551.91
internal_count=154680 84251 41512 70429 63762 41840 2841 21922 6667 42739 32582 38671 23442 16018 7284 15068 13434 17514 5904 16158 40272 5189 9258 5827 9447 39633 27701 8067 1858 6209
is_linear=0
shrinkage=0.03


Tree=10
num_leaves=31
num_cat=0
split_feature=13 12 12 25 13 25 21 13 32 32 24 6 22 33 23 17 28 23 17 12 10 24 23 24 25 23 25 24 32 25
split_gain=459.304 85.0157 66.0922 59.2095 58.1252 52.0298 60.738 45.5238 38.3916 38.0784 36.1497 33.9209 31.8914 31.1227 33.129 28.697 28.1383 27.8338 27.0395 30.4019 26.9912 26.5 26.2946 34.0877 35.2955 26.0914 25.7635 25.6417 26.2732 33.8171
threshold=0.04887951186153966 1.0203300948964638 1.3543192906671304 1.8391433680824023 -1.0149467529639324 1.0994523551624631 0.4294829924237375 0.43012194148593047 -0.8783796973249266 -1.0000000180025095e-35 0.5453695405015907 -0.0053411263315228932 1.7513090235901643 -0.56174490092936669 46.973441251454013 50.861092428839342 0.57732877408405314 220.06217370193951 41.746014177148545 -1.7044135595326917 0.0032899383413387277 0.30238289503830112 61.316117697816175 0.11190961147962515 0.82705979439241006 268.5196586218442 1.3856194346272734 0.022068455211093404 0.87837969732492682 1.1268374027190113
decision_type=2 2 2 2 2 2 2 2 2 2 2 2 2 2 2 2 2 2 2 2 2 2 2 2 2 2 2 2 2 2
left_child=2 5 3 4 9 7 12 -2 20 -1 18 -6 17 14 15 -9 21 -7 19 -5 -3 -11 23 -10 -25 -23 -18 -13 29 -29
right_child=1 8 -4 10 11 6 -8 13 22 16 -12 27 -14 -15 -16 -17 26 -19 -20 -21 -22 25 -24 24 -26 -27 -28 28 -30 -31
leaf_value=0.0083381523454206258 0.00058477231209554917 -0.0066513663731539927 -0.0048764382342313837 0.0069735757639669662 0.010975144911132152 0.0064984488049806589 -0.0017913962462395808 0.010003190929848761 -0.0040704602271305042 0.0040198781999565142 0.010743023964062258 -0.015646861573518349 0.024090913892565183 -0.0058286875511956828 0.0016928979372610325 -0.010601864047871442 0.0018661638145369614 -0.0096558016352044154 -0.00016056763593361474 -0.018843216015446949 -0.016166172163655276 0.014786288715083529 -0.0031710227856691529 -0.018345468039373987 -0.0073584485331903903 0.0028289968961157236 -0.011374223506205537 0.0036150108603891389 -0.002015722728806367 -0.0019456887901388342
leaf_weight=3252.6409565806389 2374.1250907480717 650.65700747072697 849.35872749984264 46.639649793505669 390.68980024755001 1185.8937448710203 1978.8241568058729 68.990999296307564 1736.8274625688791 3707.5243165791035 98.37508961558342 72.683708339929581 86.013362035155296 3921.1247916221619 1210.1988371610641 414.14567857980728 536.15709906816483 102.14980028569698 195.2670015245676 250.50804062187672 479.86553384363651 449.61560826003551 4119.5200832486153 375.02463589608669 947.53824798762798 270.22430324554443 173.67102994024754 6302.1399440169334 1203.2340299934149 1158.2888752371073
leaf_count=13054 9499 2604 3399 187 1567 4748 7918 276 6951 14860 394 291 345 15689 4842 1657 2147 409 782 1003 1924 1802 16484 1501 3792 1083 695 25233 4817 4637
internal_value=-4.7351e-05 -0.00326189 0.00328327 0.00366791 0.00398404 -0.00156898 0.00156134 -0.00288659 -0.00556846 0.00578883 -0.00564546 0.00232129 0.00640934 -0.00435968 -0.000938863 -0.00758295 0.00416756 0.00518755 -0.00899551 -0.0146806 -0.0107273 0.00505786 -0.0047505 -0.00686575 -0.0105081 0.0103494 -0.00134255 0.00192965 0.00208235 0.0027475
internal_weight=38607.9 19650.9 18957 18107.7 17516.9 11341.5 3352.88 7988.59 8309.43 8389.83 590.79 9127.04 1374.06 5614.46 1693.34 483.137 5137.19 1288.04 492.415 297.148 1130.52 4427.36 7178.91 3059.39 1322.56 719.84 709.828 8736.35 8663.66 7460.43
internal_count=154590 78639 75951 72552 70186 45383 13420 31963 33256 33641 2366 36545 5502 22464 6775 1933 20587 5157 1972 1190 4528 17745 28728 12244 5293 2885 2842 34978 34687 29870
is_linear=0
shrinkage=0.03


Tree=11
num_leaves=31
num_cat=0
split_feature=13 13 25 12 31 25 13 17 34 25 31 23 24 29 23 13 31 34 24 16 24 24 25 29 23 9 16 9 23 13
split_gain=432.257 80.0639 74.7041 62.2058 58.0312 55.7097 54.7636 50.6083 48.9841 51.0968 43.3638 43.0612 42.8489 42.0703 43.849 37.9451 36.3271 35.3654 34.0389 33.8817 33.7117 31.8128 30.8831 29.9911 27.8052 27.7905 48.1117 27.224 26.3684 29.8213
threshold=0.04887951186153966 1.408005697102541 1.1081173860927001 1.3543192906671304 0.96863394805116487 1.8391433680824023 -0.83437692015548548 58.901497263974981 1.0000000180025095e-35 1.0550258190065096 0.46174861323503363 51.498591494718269 0.11113309189435228 0.70431826971962475 33.857704620237172 1.0241857268742727 0.94331137514050722 1.0000000180025095e-35 0.5453695405015907 45.726493431301215 0.07280715497493663 0.25099870107450961 1.3676027949304705 0.41287160837051934 4.4143577909283893 -0.0052258415852987185 43.606644785790117 -0.005663418697091349 26.862816685822271 -1.5069666719916475
decision_type=2 2 2 2 2 2 2 2 2 2 2 2 2 2 2 2 2 2 2 2 2 2 2 2 2 2 2 2 2 2
left_child=3 2 4 5 11 6 10 27 9 16 17 12 15 -10 -15 24 -3 -1 -7 -14 28 -16 -12 -6 -2 -8 -27 -4 -19 -30
right_child=1 8 7 -5 23 18 25 -9 13 -11 22 -13 19 14 21 -17 -18 20 -20 -21 -22 -23 -24 -25 -26 26 -28 -29 29 -31
leaf_value=0.0027388662223507046 0.028119989477019547 -0.0062872314139764155 0.012867670847465157 -0.0047300051537558499 -0.020938505664414263 -0.0087257570358087802 0.0081663754533633608 0.010669558882700518 -0.00036345918913769238 -0.0014453677269972082 0.009429045727702947 -0.00039764716441815259 0.0077159378647695702 -0.0053580146947489315 -0.018418303919631403 -0.0090540254487147011 -0.018456447999175125 0.005948423209608227 0.010426795714888111 -0.010357261434093868 0.010918012265291757 0 0.00075983074894177478 -0.0072786822491326935 -0.0010494563233593799 -0.0042691196950138269 0.0024900949250830254 -0.00043622295189510918 -0.020518247391987023 0.0045531735200610469
leaf_weight=5193.4021274447441 28.743979468941689 1839.7422894388437 147.92183151841164 849.41393485665321 176.2019284516573 492.44761009514332 591.16485388576984 560.64276541769505 321.14075407385826 2547.6713871359825 2717.6147546619177 5305.7862014174461 98.487833425402641 508.6201818883419 803.93076625466347 615.2974845468998 254.46870772540569 422.63293126225471 98.348614454269409 1213.0150271654129 1083.3666200935841 92.662542760372162 437.10785320401192 904.90337938070297 2299.887778416276 1130.4031397104263 5771.6734960079193 1930.421071305871 84.667480826377869 81.495787650346756
leaf_count=20814 115 7362 593 3399 705 1972 2369 2246 1286 10193 10908 21229 394 2038 3224 2463 1019 1697 394 4854 4348 371 1752 3621 9201 4525 23106 7725 340 327
internal_value=-4.59994e-05 -0.00316451 -0.00183497 0.00318541 -0.00295667 0.00355868 0.00386541 0.00267662 -0.0059319 -0.00431456 0.00531773 -0.00220709 -0.00445549 -0.0102583 -0.0124964 -0.0024307 -0.00778834 0.0039705 -0.00547455 -0.00897235 0.00777387 -0.016502 0.008238 -0.00955002 -0.000664603 0.00191884 0.00137829 0.00050196 0.00192917 -0.00808867
internal_weight=38603.3 19649.5 13281.3 18953.7 10642.3 18104.3 17513.5 2638.99 6368.24 4641.88 10020.3 9561.22 4255.43 1726.35 1405.21 2943.93 2094.21 6865.56 590.796 1311.5 1672.16 896.593 3154.72 1081.11 2328.63 7493.24 6902.08 2078.34 588.796 166.163
internal_count=154590 78639 53146 75951 42582 72552 70186 10564 25493 18574 40186 38256 17027 6919 5633 11779 8381 27526 2366 5248 6712 3595 12660 4326 9316 30000 27631 8318 2364 667
is_linear=0
shrinkage=0.03


Tree=12
num_leaves=31
num_cat=0
split_feature=13 12 12 31 34 31 7 7 24 31 34 10 4 23 33 13 30 13 17 23 7 24 24 18 13 13 30 23 24 30
split_gain=406.854 76.2731 58.5508 53.2314 52.0713 41.7549 39.477 38.5358 42.5162 35.9277 32.706 40.1854 32.0762 30.9664 30.4224 31.7263 28.5147 28.4934 26.6842 32.0636 26.0931 25.2105 24.8122 27.0339 24.6785 24.0359 28.8909 23.7749 31.0207 26.8628
threshold=0.04887951186153966 1.0203300948964638 1.3543192906671304 0.44228869021900119 1.0000000180025095e-35 0.92794370089704281 -0.0060096105404838221 0.00018602685762626758 0.099003512910003824 0.96298784033749851 1.0000000180025095e-35 0.0032899383413387277 -0.0029104126291761285 110.97929094203504 -0.22252093395631442 0.88148307656270519 -0.92794370089704248 0.76706879112430604 46.101022184644059 74.041422666011641 -0.0035465794645010156 0.16428410609470889 0.077519218095990966 -24.554674512919515 -1.8759827800623581 0.66481428864682457 0.31107263240371752 63.023447317929595 0.11190961147962515 -0.79335334029123528
decision_type=2 2 2 2 2 2 2 2 2 2 2 2 2 2 2 2 2 2 2 2 2 2 2 2 2 2 2 2 2 2
left_child=2 5 3 4 7 12 -5 -1 -9 10 16 -12 -2 -10 15 -11 17 -3 19 21 -7 24 23 -6 -8 -14 -27 28 -18 -29
right_child=1 9 -4 6 22 20 18 8 13 14 11 -13 25 -15 -16 -17 27 -19 -20 -21 -22 -23 -24 -25 -26 26 -28 29 -30 -31
leaf_value=0.0023211020390583965 0.0045719364781005674 -0.011262216647267089 -0.004588031343202445 0.012981023749067334 -0.0087362690176513436 0.0066105480288035211 0.017111823069724603 -0.012231129248201002 0.0024436618298522101 -0.0054878337172022743 -0.0038799622741652702 -0.012159474808766047 0.00053848562711552878 -0.0048234591828804022 -0.0063830667839084552 -0.026708839871594819 -0.003062295699512415 0.0049629766401031433 0.0027715960385540877 0.0037129347059175464 -0.0074794594549523526 0.016935958877055856 0.0077183289000015065 0.0040089927286752602 0.0055358232242387019 -0.00061579001285989713 -0.0050910582398962937 -0.0097550613843788939 -0.010825208818939242 -0.0013376452054328686
leaf_weight=6084.8727627247572 915.82407732307911 115.23508901894093 849.45784978568554 604.96663796901703 171.47915488481522 126.86215065419674 207.287492826581 323.79148407280445 1263.3578546643257 102.93229849636555 1134.6356541514397 1011.6126153916121 3685.9627401232719 902.87405794858932 406.43401418626308 185.85084597766399 963.86412684619427 582.17325399816036 2801.8358542770147 1474.1632903218269 1323.0283682048321 363.74721366167068 1897.1543592959642 1092.2726539373398 913.16644330322742 2937.9676695466042 2350.8828670680523 397.39995108544827 918.78727447986603 2488.0805676281452
leaf_count=24388 3667 461 3399 2430 688 508 833 1296 5057 412 4542 4059 14749 3614 1628 745 3857 2329 11226 5911 5294 1459 7608 4379 3663 11757 9408 1590 3678 9955
internal_value=-4.46988e-05 -0.00307031 0.00309062 0.00345287 0.00225018 -0.00146665 0.00566491 0.00103234 -0.00210464 -0.00525553 -0.00465156 -0.00780024 -0.000765932 -0.000572221 -0.011809 -0.0192935 -0.00340843 0.00222679 0.00488921 0.00688302 -0.00622223 0.0100069 0.00554307 0.00225032 0.00771752 -0.00131442 -0.00261129 -0.00423924 -0.00687048 -0.0025103
internal_weight=38598 19647.5 18950.4 18101 11735.8 11340.5 6365.17 8574.9 2490.02 8307.01 7611.79 2146.25 9890.64 2166.23 695.217 288.783 5465.54 697.408 5760.2 2958.36 1449.89 1484.2 3160.91 1263.75 1120.45 8974.81 5288.85 4768.13 1882.65 2885.48
internal_count=154590 78639 75951 72552 47030 45383 25522 34355 9967 33256 30471 8601 39581 8671 2785 1157 21870 2790 23092 11866 5802 5955 12675 5067 4496 35914 21165 19080 7535 11545
is_linear=0
shrinkage=0.03


Tree=13
num_leaves=31
num_cat=0
split_feature=13 13 25 13 25 31 30 17 23 24 18 31 30 13 24 30 30 25 8 16 19 23 8 21 16 4 11 23 8 28
split_gain=382.967 73.0693 69.0427 54.7074 73.2686 52.1142 52.0072 47.2703 39.9624 39.7554 40.9938 38.5576 38.1842 35.1876 34.3658 32.8065 31.9244 40.0518 29.6364 36.6752 30.1504 26.1831 26.1141 26.0508 25.938 25.6482 26.4097 25.1626 26.0009 25.0875
threshold=0.04887951186153966 1.408005697102541 1.1081173860927001 -0.83437692015548548 1.8391433680824023 0.96863394805116487 -0.35222909080468484 58.901497263974981 51.498591494718269 0.11113309189435228 -15.631053174298357 0.46174861323503363 -0.098011308799811112 1.0241857268742727 0.5453695405015907 0.25881904510252091 -0.46174861323503386 1.2917468024060634 -0.0052122106299014028 43.606644785790117 112.72929889107176 4.4143577909283893 0.015380747145557485 0.85405032775438616 55.340900417881315 -0.00081003471852603137 0.0012676402145719347 66.869592726663527 -0.014381081576698982 0.93563608675698984
decision_type=2 2 2 2 2 2 2 2 2 2 2 2 2 2 2 2 2 2 2 2 2 2 2 2 2 2 2 2 2 2
left_child=3 2 5 4 11 8 22 25 9 13 -11 -1 -8 21 -6 -10 -13 -18 -5 -20 23 -2 -3 -21 -25 -4 -27 -19 -29 -24
right_child=1 6 7 18 14 -7 12 -9 15 10 -12 16 -14 -15 -16 -17 17 27 19 20 -22 -23 29 24 -26 26 -28 28 -30 -31
leaf_value=0.0037333424480751622 0.027348561350609025 -0.0037277512759853761 0.0054547189235611415 0.0075349289591152713 -0.0103102330487642 -0.0090369638749412656 -0.01547853106790722 0.010355655396624629 -0.0027618270291501113 0.019441640022936368 -0.0096004017148868127 0.01277712365777846 -0.0067187591811104447 -0.0086715195170509081 0.0097722979427599093 0.0019554316361962217 0.0077375136767801507 0.0079645462247579044 -0.0042479639106981788 0.0024921112529247007 -0.019513148554352721 -0.00096509404868748937 0.0096561559908112122 -0.0015442428207889829 -0.021380780109073374 -0.0070595840073139175 0.0013805970320095006 0.012023992441894914 -0.012022324238160324 -0.0070892260504898238
leaf_weight=6890.2031476348639 28.729839086532593 2462.7247428297997 653.34490078687668 613.04788888990879 417.78941728174686 1080.7400865852833 535.78088001906872 560.41676825284958 2580.8034821897745 43.743071332573891 1267.396367803216 844.43149548768997 2985.7234797775745 615.08391040563583 91.564931616187096 2724.9084469527006 1905.0119554549456 134.14754132926464 1153.4175646603107 5673.9002419561148 59.418885678052902 2299.8450716733932 269.88379403948784 825.18184381723404 63.473490446805954 525.57313348352909 899.30940349400043 47.095784425735474 228.55990353226662 111.71175301074982
leaf_count=27634 115 9860 2616 2458 1673 4326 2147 2246 10326 175 5073 3395 11959 2463 367 10903 7652 538 4617 22718 238 9201 1080 3302 254 2103 3599 189 916 447
internal_value=-4.34389e-05 -0.00297899 -0.00170879 0.00299874 0.00443652 -0.00278728 -0.00562339 0.00262864 -0.00207679 -0.00424294 -0.00859454 0.00500097 -0.00806405 -0.00229223 -0.00662921 -0.000333571 0.00775409 0.00590403 0.00118507 0.000679657 0.00154299 -0.000591294 -0.00258934 0.00174115 -0.00301726 0.000526563 -0.00171432 -0.00254417 -0.00777696 0.00466983
internal_weight=38593 19645.7 13279.9 18947.2 10558.8 10641.3 6365.82 2638.64 9560.51 4254.8 1311.14 10049.4 3521.5 2943.66 509.354 5305.71 3159.25 2314.82 8388.44 7775.39 6621.97 2328.57 2844.32 6562.56 888.655 2078.23 1424.88 409.803 275.656 381.596
internal_count=154590 78639 53146 75951 42364 42582 25493 10564 38256 17027 5248 40324 14106 11779 2040 21229 12690 9295 33587 31129 26512 9316 11387 26274 3556 8318 5702 1643 1105 1527
is_linear=0
shrinkage=0.03


Tree=14
num_leaves=31
num_cat=0
split_feature=12 17 8 25 10 4 24 8 29 17 30 29 20 25 12 19 33 4 25 25 12 17 4 24 30 30 27 22 17 34
split_gain=287.244 139.987 59.2203 53.0328 39.7434 38.2156 28.4055 27.2842 31.1531 26.1801 37.273 25.7298 24.8209 22.8696 22.3417 20.868 20.5327 20.1969 21.2129 20.0289 26.5521 23.4697 19.6669 18.7808 18.6801 18.4995 18.3959 18.1081 17.8326 28.7615
threshold=1.0203300948964638 50.170453553421979 -0.0063494370721522411 1.6454452669581785 -0.0034673660601114427 -5.2322003458948878e-05 0.5453695405015907 -0.0022995374323304669 0.66370094988094153 51.071155492714375 -0.90159026428466882 0.70431826971962475 11.04143190946394 1.8793654095698549 1.827387311733923 -40.201013962647984 -0.22252093395631442 0.00039949280163043005 2.1514696589711169 1.0994523551624631 0.45373506990729323 57.381282068096361 0.0081081881632895109 0.099003512910003824 -0.50938662908026078 -0.98658463173998423 -0.58691382074618992 1.4062938728114822 39.622120342631796 1.0000000180025095e-35
decision_type=2 2 2 2 2 2 2 2 2 2 2 2 2 2 2 2 2 2 2 2 2 2 2 2 2 2 2 2 2 2
left_child=1 3 25 4 12 19 7 13 -9 14 16 15 28 -5 -2 23 -11 18 -15 -4 21 26 -12 -6 -20 -3 -21 -28 29 -1
right_child=9 2 5 6 11 -7 -8 8 -10 10 22 -13 -14 17 -16 -17 -18 -19 24 20 -22 -23 -24 -25 -26 -27 27 -29 -30 -31
leaf_value=0.0070118831905522302 -0.00040390139239595196 -0.0092580426310463326 -0.0010776112860696979 0.0028980216469004106 -0.016047653854846158 -0.0037667312617507475 0.0097669266336303066 -0.017498680992681311 0.014718594649108175 -0.0054380184310211556 -0.0067998890947146588 0.010696279718563529 0.0022021300145536392 -0.010087843552899536 -0.0059911994189083672 0.0024446300500253629 0.0035160584795427478 -0.019135785379760906 0.022384333695704538 0.011469036257054555 -0.0026644498043811109 0.0087558858109714269 0.00096101158072444098 -0.00095905033071395419 -0.0086659437756581754 0.011193531207525215 -0.0022759970576402052 0.014018693952402418 0.0053295865524257014 0.018448299563910139
leaf_weight=968.64719048142433 2111.2945391982794 41.38370306789875 5769.5562833845615 379.4796394109726 80.507941469550133 3944.6143233329058 130.23010259866714 219.81158675253391 28.990378096699715 380.07924431562424 5554.7347261309624 305.01350073516369 1889.7612333744764 119.1166285276413 934.44938151538372 6112.5659392625093 582.21574082970619 99.920685797929764 44.191677376627922 130.87571927905083 663.94074183702469 659.8308959454298 302.94284963607788 914.85522109270096 25.977215826511383 440.42292076349258 648.23032329976559 66.592467397451401 4781.5045109689236 255.6134866476059
leaf_count=3888 8450 166 23096 1521 323 15787 522 880 116 1522 22251 1221 7572 477 3740 24496 2330 400 177 524 2657 2644 1213 3666 104 1767 2596 267 19189 1028
internal_value=-4.21354e-05 0.00147409 -0.000932761 0.00329547 0.0037433 -0.00135331 -0.00321655 -0.00510074 -0.0135807 -0.00445899 -0.00549452 0.0021584 0.00522706 -0.00188517 -0.00212936 0.00178635 0 -0.00825314 -0.00228034 -0.00015007 0.0023022 0.00451273 -0.0063933 -0.00222445 0.0105074 0.00935922 0.00116027 -0.00069862 0.00617336 0.00943729
internal_weight=38587.4 28721.6 12365.4 16356.2 15308.5 11883.6 1047.72 917.488 248.802 9865.72 6819.97 7412.94 7895.53 668.686 3045.74 7107.93 962.295 289.206 189.286 7939.03 2169.47 1505.53 5857.68 995.363 70.1689 481.807 845.699 714.823 6005.77 1224.26
internal_count=154590 115084 49504 65580 61383 47571 4197 3675 996 39506 27316 29706 31677 2679 12190 28485 3852 1158 758 31784 8688 6031 23464 3989 281 1933 3387 2863 24105 4916
is_linear=0
shrinkage=0.03


Tree=15
num_leaves=31
num_cat=0
split_feature=13 25 21 21 34 31 13 31 34 30 30 20 30 23 13 19 25 30 15 30 10 16 22 20 10 25 24 15 33 24
split_gain=324.747 95.9438 83.2306 81.6736 80.3956 62.1955 49.4584 52.3469 51.0287 45.7791 40.4958 40.0063 38.5263 58.3519 35.6202 39.8389 31.5099 30.6 30.2915 28.445 27.6726 38.7053 27.6268 27.3634 30.6085 26.7045 26.6803 26.5001 26.4854 26.8283
threshold=0.47587386441860924 1.0994523551624631 0.4294829924237375 0.83630366436725956 1.0000000180025095e-35 0.95032354012166631 -0.74029500353682309 0.46174861323503363 1.0000000180025095e-35 -0.95688340256707749 -0.46174861323503386 53.3903280046597 -0.74455857214455057 51.005790746957935 1.3508010183919981 65.861576443359056 0.83683082482300231 0.93585024503435366 66.230281477096213 -0.36243803828370141 -0.0071112308422942574 39.333910100362388 0.26119722525644357 18.594293808378449 -0.020871839350171725 1.3409683312556717 0.22018648471530425 58.677896666019215 -0.22252093395631442 0.05245733744390408
decision_type=2 2 2 2 2 2 2 2 2 2 2 2 2 2 2 2 2 2 2 2 2 2 2 2 2 2 2 2 2 2
left_child=3 5 -3 6 -4 9 7 8 11 22 23 -1 -11 19 15 -15 26 27 -5 -14 -8 -22 -2 -9 -25 -12 -17 -6 -21 -30
right_child=1 2 4 18 17 -7 20 10 -10 12 25 -13 13 14 -16 16 -18 -19 -20 28 21 -23 -24 24 -26 -27 -28 -29 29 -31
leaf_value=0.001850490969171152 0.018616719002111301 0.0074683487896263258 0.00060735452482233256 -0.0017688600987550559 -0.0020293796126358869 -0.011242668410407958 0.008177914717353213 0.014811891119505601 0.0071905980121642066 -0.010388225335153892 0.0067316137414154265 -0.014647989842563342 -0.00023606227620087886 -0.0014658410880344602 -0.0052402905561306709 0.020994918118300242 0.00089160377614769389 -0.034305274411937169 -0.011547791845577604 -0.011561778802382497 -0.011071477218480171 0.0012802153806613231 0.00094143560932024532 0.018899741171874457 -0.0098587143373734063 -0.0012895220321392251 0 -0.011981222376180082 0.0016429443427990655 -0.0076614889602892068
leaf_weight=5630.8905365765095 91.937042385339737 1084.0710094124079 3007.9332236647606 1546.7055156975985 417.84786330163479 1238.0258759409189 505.9286050349474 797.39972865581512 1853.9293257892132 945.73306386172771 2117.3785012662411 134.12852449715137 489.10949321091175 2147.180444791913 1570.136233985424 189.19144862890244 321.1415388584137 41.117723196744919 352.05756424367428 1186.1829285919666 232.75258636474609 9185.362796202302 587.9986070394516 51.063087195158005 91.23395411670208 445.87434346973896 78.224944606423378 596.45976701378822 353.54670870304108 1232.6562997996807
leaf_count=22578 368 4344 12036 6190 1673 4961 2027 3210 7449 3786 8509 537 1959 8591 6290 757 1285 165 1409 4751 932 36774 2353 205 366 1787 313 2393 1416 4936
internal_value=7.72908e-05 -0.00326459 8.11934e-05 0.00234764 -0.00188361 -0.00491836 0.00288607 0.00426101 0.00285835 -0.00406228 0.00730157 0.00145896 -0.00466208 -0.00394121 -0.00163872 0.000418549 0.00733491 -0.00900505 -0.00360293 -0.00697037 0.00134187 0.000970636 0.00339927 0.0126507 0.000311735 0.00532469 0.0149288 -0.00791711 -0.00814711 -0.00556901
internal_weight=38523.2 15578.5 5147.43 22944.7 4063.36 10431.1 21045.9 11121.9 7618.95 9193.04 3502.95 5765.02 8513.1 7567.37 4305.87 2735.74 588.558 1055.43 1898.76 3261.5 9924.04 9418.12 679.936 939.697 142.297 2563.25 267.416 1014.31 2772.39 1586.2
internal_count=154350 62377 20611 91973 16267 41766 84374 44641 30564 36805 14077 23115 34084 30298 17236 10946 2355 4231 7599 13062 39733 37706 2721 3781 571 10296 1070 4066 11103 6352
is_linear=0
shrinkage=0.03


Tree=16
num_leaves=31
num_cat=0
split_feature=12 17 8 6 25 2 30 10 25 31 33 23 21 24 23 30 31 17 31 23 6 17 17 25 30 17 17 18 33 25
split_gain=256.319 116.322 54.7009 40.4672 67.5424 32.3499 30.1935 27.8272 30.9132 26.9111 28.4329 26.622 26.0819 24.7658 28.7156 26.1553 35.7161 24.5771 24.1169 23.9933 22.1585 24.6808 21.9724 21.7164 21.533 20.5539 20.4629 20.3222 25.4431 19.9561
threshold=0.97598579390973161 50.170453553421979 -0.0043644827620049611 -0.0022860764364308057 1.6687778886961133 -0.0024748334342188922 -0.94331137514050689 -0.0097076932628540873 1.2022642008712319 0.95032354012166631 -0.22252093395631442 215.63335715769296 0.87157123296426797 0.07377168941131533 35.509892102922613 -0.021814885034560933 -0.81279832427823695 50.312316723018562 -0.3725607353243956 21.573382630332482 -0.00014157509354550954 56.202959675122834 63.40817620265755 0.59525653900538056 -0.57357643635104605 42.158329596824707 43.715168764954008 4.1552666476982276 0.81174490092936691 0.58215647148355243
decision_type=2 2 2 2 2 2 2 2 2 2 2 2 2 2 2 2 2 2 2 2 2 2 2 2 2 2 2 2 2 2
left_child=1 3 -3 7 12 20 -7 8 -1 27 17 29 13 14 15 16 -5 -11 25 24 21 -4 -13 26 -15 -6 -17 -2 -29 -8
right_child=9 2 5 4 18 6 11 -9 -10 10 -12 22 -14 19 -16 23 -18 -19 -20 -21 -22 -23 -24 -25 -26 -27 -28 28 -30 -31
leaf_value=0.012677421513108963 0.00073911491487966662 0.0060621729548046279 0.00099949332378693038 0.01766204186339887 -0.021271235405664668 0.0031532940590993414 0.0033935582804413473 0.0036539941581302839 0.0048362909200518897 -0.0033144767654064446 -0.0041675550383303128 -0.013968041522721374 -0.0050656472419107852 0.03007000298832797 -0.0089965832164597137 0.031216968300229804 0.0015557775680237337 -0.01911377663313351 -0.001413722589159323 0.0034751782280800394 -0.0033200472516494457 0.011696434220548739 0.0052303507497732894 -0.0030817583027888148 0.0081873196074457952 -0.0046894481117531785 0.0036340490765627196 -0.004611228123182618 7.9066836323431682e-05 -0.0024099824446321572
leaf_weight=852.20458909869194 919.6459244042635 993.84365031123161 404.31740771234035 182.43732430040836 157.07815033197403 986.78295660018921 565.82907199859619 2712.9337463378906 1006.1773499846458 132.32750111818314 574.40308168530464 289.29199342429638 364.04515531659126 51.842753857374191 270.81608681380749 27.372858017683029 397.60827152431011 305.32745538651943 276.76322618126869 8361.7433331310749 294.1020710170269 385.10428205132484 62.709965422749519 949.54087333381176 213.07666453719139 127.93596345186234 198.34024810791016 7150.3242429494858 1203.5186947733164 8099.7013259381056
leaf_count=3427 3681 3986 1620 732 629 3950 2265 10895 4040 530 2303 1158 1457 208 1086 110 1596 1226 1108 33520 1177 1543 251 3809 854 512 795 28641 4817 32424
internal_value=7.49011e-05 0.00155284 -0.000671496 0.00321865 0.00227038 -0.00127826 -0.00181362 0.00561294 0.00845304 -0.00397857 -0.00864216 -0.00236076 0.00279002 0.00306174 6.18599e-05 0.00148085 0.00669487 -0.0144236 -0.00785361 0.00376275 0.00363422 0.00626394 -0.0104577 -0.00107053 0.0126794 -0.0139754 0.00723437 -0.00346549 -0.00393199 -0.00202722
internal_weight=38517.1 28231.6 12081.7 16149.9 11578.6 11087.8 10004.3 4571.32 1858.38 10285.5 1012.06 9017.53 11016.8 10652.8 2026.12 1755.3 580.046 437.655 561.777 8626.66 1083.52 789.422 352.002 1175.25 264.919 285.014 225.713 9273.49 8353.84 8665.53
internal_count=154350 113152 48374 64778 46416 44388 40048 18362 7467 41198 4059 36098 44167 42710 8128 7042 2328 1756 2249 34582 4340 3163 1409 4714 1062 1141 905 37139 33458 34689
is_linear=0
shrinkage=0.03


end of trees

feature_importances:
close_z_100=62
atr_ratio=50
atr_pct=43
hour_sin=42
atr_14=37
hour_cos=35
dow_sin=28
rsi_21=25
close_z_30=18
ret_10=17
macd_hist=14
bb_width=14
price_loc_20=13
price_loc_50=13
ret_20=11
ret_48=11
macd=10
bb_pct_b=9
rsi_14=8
is_weekend=8
vol_z_100=7
ret_5=6
rsi_7=6
macd_signal=6
dow_cos=6
log_ret_10=5
log_ret_20=3
ret_3=1
log_ret_48=1
vol_ratio_20=1

parameters:
[boosting: gbdt]
[objective: binary]
[metric: binary_logloss]
[tree_learner: serial]
[device_type: cpu]
[data_sample_strategy: bagging]
[data: ]
[valid: ]
[num_iterations: 1000]
[learning_rate: 0.03]
[num_leaves: 31]
[num_threads: 8]
[seed: 42]
[deterministic: 0]
[force_col_wise: 0]
[force_row_wise: 0]
[histogram_pool_size: -1]
[max_depth: -1]
[min_data_in_leaf: 100]
[min_sum_hessian_in_leaf: 0.001]
[bagging_fraction: 0.7]
[pos_bagging_fraction: 1]
[neg_bagging_fraction: 1]
[bagging_freq: 5]
[bagging_seed: 400]
[bagging_by_query: 0]
[feature_fraction: 0.7]
[feature_fraction_bynode: 1]
[feature_fraction_seed: 30056]
[extra_trees: 0]
[extra_seed: 12879]
[early_stopping_round: 0]
[early_stopping_min_delta: 0]
[first_metric_only: 0]
[max_delta_step: 0]
[lambda_l1: 1]
[lambda_l2: 1]
[linear_lambda: 0]
[min_gain_to_split: 0]
[drop_rate: 0.1]
[max_drop: 50]
[skip_drop: 0.5]
[xgboost_dart_mode: 0]
[uniform_drop: 0]
[drop_seed: 17869]
[top_rate: 0.2]
[other_rate: 0.1]
[min_data_per_group: 100]
[max_cat_threshold: 32]
[cat_l2: 10]
[cat_smooth: 10]
[max_cat_to_onehot: 4]
[top_k: 20]
[monotone_constraints: ]
[monotone_constraints_method: basic]
[monotone_penalty: 0]
[feature_contri: ]
[forcedsplits_filename: ]
[refit_decay_rate: 0.9]
[cegb_tradeoff: 1]
[cegb_penalty_split: 0]
[cegb_penalty_feature_lazy: ]
[cegb_penalty_feature_coupled: ]
[path_smooth: 0]
[interaction_constraints: ]
[verbosity: -1]
[saved_feature_importance_type: 0]
[use_quantized_grad: 0]
[num_grad_quant_bins: 4]
[quant_train_renew_leaf: 0]
[stochastic_rounding: 1]
[linear_tree: 0]
[max_bin: 255]
[max_bin_by_feature: ]
[min_data_in_bin: 3]
[bin_construct_sample_cnt: 200000]
[data_random_seed: 175]
[is_enable_sparse: 1]
[enable_bundle: 1]
[use_missing: 1]
[zero_as_missing: 0]
[feature_pre_filter: 1]
[pre_partition: 0]
[two_round: 0]
[header: 0]
[label_column: ]
[weight_column: ]
[group_column: ]
[ignore_column: ]
[categorical_feature: ]
[forcedbins_filename: ]
[precise_float_parser: 0]
[parser_config_file: ]
[objective_seed: 16083]
[num_class: 1]
[is_unbalance: 0]
[scale_pos_weight: 1]
[sigmoid: 1]
[boost_from_average: 1]
[reg_sqrt: 0]
[alpha: 0.9]
[fair_c: 1]
[poisson_max_delta_step: 0.7]
[tweedie_variance_power: 1.5]
[lambdarank_truncation_level: 30]
[lambdarank_norm: 1]
[label_gain: ]
[lambdarank_position_bias_regularization: 0]
[eval_at: ]
[multi_error_top_k: 1]
[auc_mu_weights: ]
[num_machines: 1]
[local_listen_port: 12400]
[time_out: 120]
[machine_list_filename: ]
[machines: ]
[gpu_platform_id: -1]
[gpu_device_id: -1]
[gpu_use_dp: 0]
[num_gpu: 1]

end of parameters

pandas_categorical:[]
